8 0
9 15
12 25
16 31
18 43
24 49
26 91
27 211
28 217
32 481
36 487
40 493
42 535
43 559
44 601
48 715
56 721
58 745
59 883
60 907
64 973
66 1045
67 1051
68 1099
72 1117
74 1225
75 1243
76 1267
80 1369
84 1387
88 1393
90 1411
91 1423
92 1429
96 1441
104 1453
106 1467
107 1572
108 1656
128 1726
130 1964
131 2419
132 2636
136 3560
138 3623
139 3700
140 3763
144 3875
160 3882
162 3903
163 3945
164 3980
170 4148
184 4176
186 4260
187 4498
188 4638
192 4764
194 4876
195 5051
196 5156
200 5317
202 5492
203 5751
204 6073
208 6416
210 6633
211 6829
212 6962
216 7053
218 7151
219 7319
220 7410
224 7466
226 7697
227 7858
228 7928
256 7984
258 8138
259 8334
260 8495
264 8789
266 8873
267 8880
268 8894
272 8915
275 8957
276 8978
296 9055
299 9062
300 9069
304 9076
306 9230
307 9454
308 9762
328 10035
330 10091
331 10168
332 10343
336 10434
338 10490
339 10602
340 10637
344 10707
346 10728
347 10742
348 10826
352 10882
355 10917
356 10966
384 10994
386 11064
387 11610
388 11834
416 12450
420 12485
456 12730
458 12877
459 13171
460 13185
464 13283
466 13325
467 13493
468 13570
480 13682
482 13836
483 13892
484 14032
512 14053
520 14060
521 14151
522 14179
523 14256
524 14277
528 14340
530 14459
531 14788
532 14809
552 14886
554 14893
555 14900
556 14956
560 15012
563 15131
564 15138
568 15327
570 15383
571 15411
572 15488
584 15614
587 15691
588 15754
592 15845
595 15880
596 15901
600 15922
603 15971
604 16006
608 16076
610 16132
611 16139
612 16174
640 16209
642 16244
643 16251
644 16356
672 17042
674 17063
675 17105
676 17119
696 17133
699 17336
700 17392
712 17399
715 17490
716 17546
720 17672
724 17805
736 17854
739 17882
740 18001
768 18057
770 18092
771 18099
772 18148
1024 18239
1032 18247
1034 18287
1036 18335
1040 18367
1042 18423
1043 18455
1044 18487
1064 18575
1066 18591
1067 18639
1068 18655
1072 18687
1074 18751
1075 18823
1076 18839
1080 18935
1082 18951
1083 19039
1084 19047
1088 19103
1090 19119
1091 19151
1096 19183
1098 19207
1099 19351
1100 19359
1104 19471
1106 19487
1107 19511
1112 19535
1114 19559
1115 19663
1116 19679
1120 19687
1122 19783
1123 19967
1124 19983
1152 20015
1154 20199
1155 20479
1156 20567
1184 20703
1187 20727
1208 20735
1210 20807
1211 20831
1212 20911
1224 20975
1226 21047
1228 21103
1232 21127
1234 21159
1235 21215
1236 21223
1248 21239
1250 21279
1251 21495
1280 21503
1282 21575
1283 21735
1284 21823
1536 21863
1544 21871
1545 21895
1546 21919
1547 21967
1548 22039
1552 22071
1553 22079
1554 22087
1555 22191
1556 22199
1561 22583
1578 22591
1579 22615
1580 22639
1586 22687
1587 22887
1588 22959
1592 23063
1594 23071
1595 23223
1596 23255
1602 23407
1603 23519
1610 23543
1611 23655
1612 23679
1616 23783
1617 23791
1618 23799
1619 23863
1620 23871
1626 23895
1627 24063
1634 24127
1635 24327
1636 24391
1664 24423
1666 24439
1667 24607
1668 24695
1696 24879
1700 24903
1720 25007
1722 25015
1723 25047
1724 25127
1728 25159
1732 25167
1738 25175
1739 25247
1740 25375
1746 25391
1747 25519
1762 25663
1763 25815
1764 25839
1794 25855
1795 25871
1796 25951
2048 26135
2056 26143
2058 26167
2059 26247
2060 26263
2066 26279
2096 26295
2098 26407
2099 26447
2100 26551
2114 26743
2115 26775
2120 26823
2122 26919
2123 27151
2124 27175
2128 27311
2130 27447
2131 27607
2132 27623
2136 27735
2138 27807
2139 27855
2140 27935
2144 27943
2146 28143
2147 28207
2148 28223
2236 28279
2304 28287
2306 28503
2307 29055
2308 29263
2404 29575
2560 29583
2568 29591
2570 29655
2571 29807
2572 29815
2585 29823
2586 29847
2600 29871
2603 29895
2604 29911
2611 30135
2616 30143
2619 30199
2620 30271
2624 30375
2627 30399
2628 30455
2632 30551
2635 30679
2636 30775
2648 31095
2651 31183
2652 31239
2656 31351
2659 31407
2660 31423
2688 31495
2689 31591
2690 31599
2691 31807
2692 31943
2696 32207
2720 32215
2722 32223
2744 32487
2747 32615
2748 32623
2752 32703
2760 32719
2763 32815
2764 32871
2784 33055
2787 33143
2788 33191
2816 33295
2818 33335
2819 33487
2820 33551
2832 33623
2834 33663
2835 33783
2836 33847
2864 33991
2868 34015
2888 34111
2891 34151
2892 34159
2896 34247
2899 34319
2900 34335
2912 34487
2915 34591
2916 34623
3072 34703
3080 34711
3083 34775
3084 34799
3100 35039
3112 35095
3114 35111
3116 35247
3128 35319
3130 35439
3131 35599
3132 35607
3136 35615
3137 35631
3138 35639
3139 35671
3140 35711
3144 35727
3146 35807
3147 35999
3148 36103
3160 36175
3162 36215
3163 36423
3164 36519
3170 36551
3200 36615
3202 36647
3203 36863
3204 36887
3232 37039
3235 37063
3236 37095
3256 37119
3258 37159
3259 37287
3260 37327
3272 37399
3274 37447
3275 37543
3276 37639
3296 37663
3298 37711
3299 37871
3300 37959
3328 37967
3330 38007
3331 38279
3332 38319
3344 38359
3346 38471
3347 38647
3348 38687
3376 38751
3378 38775
3379 38839
3380 38855
3400 38887
3402 38911
3404 38983
3408 38999
3410 39039
3411 39127
3412 39151
3424 39167
3426 39223
3427 39527
3428 39583
3584 39615
3594 39623
3595 39655
3596 39671
3608 39783
3626 39791
3627 39807
3628 39887
3635 39959
3636 39983
3640 39991
3642 39999
3643 40103
3644 40127
3650 40143
3652 40159
3656 40191
3658 40207
3659 40295
3660 40343
3668 40359
3672 40367
3673 40375
3674 40383
3675 40391
3676 40415
3682 40423
3684 40447
3714 40455
3715 40663
3716 40791
3744 40903
3746 40927
3748 40935
3771 41151
3772 41207
3776 41215
3778 41223
3779 41231
3780 41287
3786 41295
3787 41335
3788 41431
3794 41479
3795 41487
3802 41495
3804 41511
3810 41519
3811 41615
3812 41623
3842 41639
3843 41679
3844 41703
3858 41711
3859 41751
3860 41759
3915 41823
3938 41855
3940 41935
3971 41943
3972 41967
4004 41999
4096 42023
4104 42031
4105 42087
4106 42095
4107 42119
4108 42135
4121 42223
4124 42231
4138 42359
4140 42471
4144 42535
4146 42543
4147 42679
4148 42887
4152 42967
4154 42975
4155 43063
4156 43151
4160 43215
4162 43223
4163 43351
4164 43383
4170 43423
4171 43583
4172 43679
4184 43727
4186 43735
4187 43863
4188 43927
4194 43951
4195 44007
4196 44015
4224 44039
4226 44047
4227 44439
4228 44607
4235 45359
4256 45367
4259 45375
4260 45383
4280 45575
4282 45583
4283 45839
4284 45903
4288 45975
4290 45991
4291 46215
4292 46263
4298 46351
4299 46591
4300 46639
4306 46775
4307 47031
4308 47095
4314 47151
4315 47247
4316 47287
4320 47375
4322 47383
4323 47823
4324 47847
4352 47871
4354 47879
4355 48047
4356 48151
4368 48559
4370 48567
4371 48703
4372 48751
4426 48887
4427 48967
4428 48975
4432 48991
4434 48999
4435 49135
4436 49143
4450 49159
4451 49375
4452 49399
4482 49431
4483 49487
4484 49631
4516 49727
4554 49767
4555 49783
4608 49791
4616 49799
4617 49815
4618 49823
4620 49847
4632 49855
4633 49967
4634 49975
4635 50207
4636 50263
4648 50303
4651 50407
4652 50415
4659 50479
4664 50487
4667 50591
4668 50663
4672 50711
4675 50799
4676 50871
4680 51015
4683 51167
4684 51247
4688 51351
4690 51367
4691 51375
4692 51383
4696 51407
4699 51559
4700 51575
4704 51583
4707 51671
4708 51743
4864 51767
4866 51983
4867 51999
4868 52287
4872 52423
4875 52591
4876 52607
4880 52679
4882 52751
4883 52831
4884 52919
4904 52927
4907 52935
4908 52959
4912 52999
4915 53143
4916 53287
4936 53399
4939 53503
4940 53567
4947 53727
4948 53783
4952 53799
4955 53879
4956 53895
4960 53935
4963 54111
4964 54199
5120 54239
5128 54247
5131 54279
5132 54303
5144 54319
5146 54495
5147 54511
5148 54583
5160 54727
5163 54759
5164 54863
5176 54927
5179 54935
5180 54991
5184 55015
5187 55055
5188 55063
5192 55159
5195 55215
5196 55319
5203 55399
5204 55463
5208 55487
5210 55535
5211 55543
5212 55551
5216 55631
5219 55719
5376 55727
5379 55815
5380 55831
5384 55887
5387 55943
5388 55967
5395 55991
5396 55999
5416 56079
5419 56095
5420 56103
5424 56231
5426 56335
5427 56495
5428 56543
5448 56711
5451 56735
5456 56759
5459 56871
5460 56951
5464 56975
5466 57031
5467 57055
5468 57063
5472 57167
5475 57231
5476 57255
5632 57279
5640 57287
5642 57295
5643 57303
5656 57311
5658 57343
5660 57703
5672 57823
5674 57847
5675 57879
5676 57903
5680 57967
5683 57991
5688 57999
5690 58023
5691 58143
5692 58159
5696 58335
5698 58343
5699 58431
5700 58439
5704 58535
5706 58615
5707 58719
5708 58767
5714 59063
5715 59087
5716 59103
5720 59111
5722 59119
5723 59231
5724 59239
5728 59255
5730 59287
5732 59399
5888 59431
5890 59631
5891 59887
5892 59935
5896 60159
5898 60199
5900 60311
5904 60431
5905 60439
5906 60447
5907 60479
5908 60511
5930 60815
5932 60903
5936 60959
5938 61143
5939 61215
5940 61311
5960 61695
5962 61759
5963 61959
5964 61999
5968 62159
5970 62247
5971 62343
5972 62359
5976 62431
5978 62479
5979 62751
5980 62839
5984 62855
5986 62967
5987 63247
5988 63263
6144 63303
6272 63311
6274 63847
6275 64431
6276 64591
6280 65103
6282 65311
6283 65495
6284 65615
6304 65679
6306 65823
6307 66271
6308 66311
6328 66511
6330 66783
6331 66791
6332 67023
6336 67191
6339 67311
6340 67375
6344 67503
6347 67935
6348 68159
6352 68511
6355 68671
6356 68791
6360 69055
6363 69183
6364 69231
6368 69335
6371 69551
6372 69679
6528 69879
6530 70135
6531 70383
6532 70511
6560 70887
6562 70911
6563 71415
6564 71423
6600 71431
6603 71519
6604 71559
6608 71703
6611 71823
6612 71839
6624 72015
6627 72039
6656 72151
6784 72159
6786 72455
6787 72967
6788 73095
6792 73335
6795 73343
6796 73359
6816 73399
6818 73415
6819 73439
6820 73447
6840 73575
6842 73735
6843 73879
6844 73935
6848 74031
6850 74191
6851 74511
6856 74519
6858 74815
6859 75055
6860 75119
6864 75247
6866 75319
6867 75495
6868 75551
6872 75583
6874 75743
6875 75839
6876 75895
6880 75935
6882 76039
6883 76111
6884 76135
7040 76247
7042 76463
7043 76719
7044 76767
7072 76847
7074 76871
7076 76879
7112 77047
7114 77095
7115 77351
7116 77415
7120 77455
7122 77479
7136 77503
7138 77527
7168 77687
7296 77695
7298 78415
7299 78679
7300 78847
7304 79199
7306 79239
7308 79495
7328 79575
7330 79631
7331 79863
7332 79879
7352 80255
7354 80639
7355 80671
7356 80711
7360 80799
7363 80943
7364 80967
7368 81095
7370 81351
7371 81575
7372 81791
7376 82015
7378 82183
7379 82223
7380 82231
7384 82311
7386 82439
7387 82479
7388 82543
7392 82695
7394 82807
7395 82927
7396 82959
7552 83055
7554 83311
7555 83319
7556 83423
7584 83703
7586 83743
7587 83807
7588 83823
7624 83895
7626 84135
7627 84255
7628 84279
7632 84455
7634 84567
7636 84791
7648 84919
7650 84991
7652 85015
7680 85031
7682 85295
7683 85551
7684 85767
7688 86351
7690 86447
7691 86543
7692 86583
7704 86711
7705 86743
7706 86775
7707 86967
7708 86991
7720 87063
7722 87095
7723 87111
7724 87127
7736 87175
7738 87279
7739 87287
7740 87327
7744 87479
7746 87655
7747 87671
7748 87703
7752 87839
7755 87999
7756 88127
7760 88247
7763 88527
7764 88695
7768 88847
7771 88983
7772 89023
7776 89143
7779 89327
7780 89367
7936 89431
7938 89639
7939 89799
7940 89959
7944 90223
7947 90255
7952 90263
7954 90303
7976 90607
7979 90615
7980 90623
7984 90631
7987 90695
7988 90703
8008 90775
8011 90887
8012 90903
8016 90991
8019 91047
8020 91087
8024 91095
8027 91151
8028 91159
8032 91199
8035 91343
8036 91383
8192 91479
8194 91679
8195 91903
8196 92039
8200 92255
8202 92343
8203 92423
8204 92431
8216 92511
8219 92535
8220 92559
8232 92631
8234 92663
8236 92703
8248 92727
8250 92799
8251 92863
8252 92887
8256 92895
8258 92943
8259 93143
8260 93199
8264 93239
8266 93311
8267 93551
8268 93703
8272 93727
8274 93807
8275 93991
8276 94047
8280 94127
8282 94231
8283 94343
8284 94391
8288 94439
8290 94575
8291 94823
8292 94863
8448 94895
8450 94927
8451 95095
8452 95167
8456 95343
8464 95351
8468 95359
8490 95511
8491 95519
8492 95527
8496 95543
8498 95559
8500 95703
8520 95727
8522 95767
8523 95831
8524 95855
8528 95903
8530 95975
8531 96071
8536 96111
8538 96167
8539 96199
8540 96223
8544 96263
8546 96351
8547 96431
8548 96439
8704 96463
8705 96679
8706 96687
8707 96871
8708 96927
8712 97399
8714 97543
8715 97551
8716 97567
8728 97639
8730 97679
8731 97735
8732 97751
8744 97903
8747 97911
8748 97927
8754 97959
8760 97967
8762 98079
8763 98135
8764 98143
8768 98223
8770 98239
8771 98247
8772 98287
8776 98351
8779 98527
8780 98567
8784 98767
8786 98991
8787 99007
8788 99103
8792 99199
8793 99279
8795 99287
8796 99311
8800 99351
8802 99487
8803 99535
8804 99575
8960 99647
8962 99831
8963 99943
8964 100071
8968 100263
8971 100287
8976 100295
8980 100303
9000 100455
9003 100487
9004 100495
9010 100535
9011 100551
9012 100559
9032 100615
9036 100639
9043 100647
9044 100687
9048 100735
9051 100799
9052 100847
9216 100855
9220 100863
9243 100895
9244 100919
9274 100935
9275 100983
9276 100991
9282 101015
9283 101135
9284 101167
9290 101175
9291 101223
9298 101295
9299 101359
9300 101415
9306 101559
9307 101655
9308 101687
9312 101703
9314 101711
9315 101735
9474 101743
9475 101903
9476 101951
9492 102047
9522 102127
9523 102151
9524 102191
9546 102255
9547 102279
9552 102351
9556 102359
9570 102383
9571 102615
9728 102655
9729 102967
9731 102975
9732 103127
9736 103223
9738 103279
9754 103327
9755 103471
9756 103479
9768 103519
9771 103559
9772 103599
9778 103623
9784 103631
9786 103663
9787 103671
9788 103727
9792 103815
9795 103959
9796 103967
9800 103991
9802 104007
9803 104031
9804 104103
9811 104191
9812 104199
9816 104207
9819 104247
9820 104255
9824 104287
9828 104367
9984 104383
9986 104399
9987 104479
10002 104535
10003 104598
10004 104625
10032 104742
10035 104787
10036 104841
10056 104949
10059 104967
10060 105012
10064 105048
10067 105129
10068 105174
10080 105228
10083 105390
10084 105444
10240 105498
10242 105561
10243 105714
10244 105768
10248 105876
10251 105903
10252 105912
10268 105921
10280 106047
10282 106056
10283 106101
10284 106191
10296 106236
10298 106272
10299 106335
10300 106371
10308 106407
10312 106443
10314 106470
10315 106506
10316 106551
10320 106596
10322 106623
10328 106668
10330 106740
10336 106758
10338 106767
10340 106812
10496 106821
10498 106848
10500 106866
10512 107037
10514 107100
10515 107163
10516 107199
10544 107307
10546 107388
10547 107406
10548 107433
10568 107595
10570 107622
10572 107649
10576 107685
10578 107703
10579 107721
10580 107739
10592 107766
10594 107919
10596 108036
10752 108063
10753 108360
10755 108369
10756 108378
10760 108612
10763 108630
10764 108666
10780 108729
10792 108873
10796 108918
10808 108945
10811 109026
10812 109053
10816 109089
10819 109197
10820 109260
10824 109269
10827 109314
10828 109359
10832 109377
10840 109431
10843 109449
10844 109503
10848 109512
11008 109530
11010 109584
11012 109593
11024 109971
11027 110106
11028 110187
11056 110196
11058 110304
11059 110331
11060 110376
11080 110583
11083 110610
11084 110619
11088 110646
11091 110718
11092 110763
11104 110781
11107 110889
11108 110961
0 111006
